n,a,dilation(SCT(n, a))
4,1,1.4142135624
5,1,1.2360679775
6,1,1.3660254038
7,1,1.3351256037
8,3,1.4142135624
9,2,1.3472963553
10,4,1.3968022467
11,3,1.4000893791
12,2,1.3836634940
13,3,1.3912131614
14,5,1.4053212843
15,3,1.4089770622
16,5,1.4092433667
17,4,1.4147286981
18,6,1.3893482095
19,7,1.4098828509
20,7,1.4142135624
21,5,1.4293809076
22,7,1.4088701134
23,8,1.4308143191
24,8,1.4258819634
25,9,1.4049792324
26,8,1.4221908813
27,10,1.4263442751
28,11,1.4161455606
29,10,1.4198663711
30,9,1.4318568199
31,11,1.4224422173
32,12,1.4160733118
33,11,1.4311114814
34,13,1.4178909924
35,12,1.4328840793
36,7,1.4292422435
37,12,1.4379426288
38,14,1.4130054823
39,13,1.4408272495
40,15,1.4201359064
41,16,1.4410431872
42,15,1.4222217969
43,16,1.4407681583
44,16,1.4287057422
45,17,1.4386796007
46,16,1.4308143191
47,18,1.4384506508
48,17,1.4356175357
49,18,1.4366987002
50,17,1.4368488546
51,19,1.4365051522
52,18,1.4412877412
53,20,1.4350145141
54,18,1.4420716262
55,20,1.4348487511
56,21,1.4382852841
57,21,1.4365927229
58,19,1.4458074460
59,21,1.4371482008
60,22,1.4390669069
61,22,1.4419646120
62,23,1.4357238923
63,24,1.4355293910
64,23,1.4442084085
65,25,1.4399191828
66,24,1.4336150075
67,25,1.4414585321
68,25,1.4337057151
69,26,1.4307885436
70,25,1.4388348853
71,27,1.4383897528
72,26,1.4381678969
73,27,1.4365967525
74,27,1.4421710830
75,28,1.4303603252
76,27,1.4420702342
77,29,1.4367419630
78,30,1.4435756372
79,29,1.4348160034
80,30,1.4425414378
81,30,1.4383672809
82,31,1.4421014286
83,30,1.4387567211
84,32,1.4411664538
85,31,1.4421427314
86,32,1.4407681583
87,31,1.4422602461
88,33,1.4399187827
89,32,1.4455019099
90,33,1.4395565396
91,34,1.4447552984
92,34,1.4387815229
93,35,1.4459970682
94,35,1.4390938947
95,33,1.4481994028
96,35,1.4393121119
97,36,1.4408331204
98,36,1.4422748823
99,37,1.4440722859
100,38,1.4412493001
101,37,1.4442541184
102,37,1.4451507836
103,38,1.4372654577
104,39,1.4422426369
105,39,1.4422182697
106,40,1.4399130983
107,39,1.4407010885
108,41,1.4448888484
109,40,1.4422062132
110,41,1.4389397114
111,40,1.4436266138
112,42,1.4385725851
113,43,1.4446481791
114,42,1.4421149396
115,44,1.4439675792
116,43,1.4373330831
117,44,1.4435756372
118,44,1.4397623322
119,45,1.4429415015
120,44,1.4399566559
121,46,1.4425761057
122,45,1.4423089127
123,46,1.4419838334
124,45,1.4423750608
125,47,1.4416423761
126,46,1.4446571501
127,47,1.4410879543
128,46,1.4446095994
129,48,1.4407681583
130,47,1.4468274085
131,49,1.4419748858
132,47,1.4466788893
133,49,1.4422330804
134,50,1.4436534831
135,50,1.4442860552
136,51,1.4477841362
137,50,1.4444352650
138,51,1.4441612679
139,51,1.4464316881
140,52,1.4422651864
141,53,1.4425979131
142,53,1.4463298413
143,54,1.4444304603
144,53,1.4415174616
145,54,1.4451374670
146,54,1.4423194546
147,55,1.4401000443
148,54,1.4437926020
149,56,1.4432776486
150,55,1.4443039857
151,56,1.4425193756
152,58,1.4447332632
153,57,1.4402435474
154,58,1.4438937502
155,58,1.4421419093
156,59,1.4435756372
157,58,1.4422454214
158,59,1.4434591207
159,59,1.4439858432
160,60,1.4428195550
161,59,1.4441245910
162,61,1.4423881205
163,60,1.4458240381
164,61,1.4421014286
165,60,1.4458909625
166,62,1.4416911689
167,61,1.4475522482
168,63,1.4421578125
169,63,1.4463799846
170,63,1.4423209150
171,64,1.4467068421
172,64,1.4439420421
173,65,1.4473799306
174,64,1.4440394343
175,65,1.4440746337
176,65,1.4456255953
177,66,1.4455549592
178,67,1.4440993134
179,66,1.4460061591
180,68,1.4470950407
181,67,1.4422511830
182,68,1.4448321461
183,68,1.4444325276
184,69,1.4431403918
185,68,1.4438900932
186,70,1.4461032036
187,71,1.4448721577
188,70,1.4427469724
189,71,1.4454788754
190,71,1.4421959635
191,72,1.4442098965
192,71,1.4445979114
193,73,1.4438415569
194,72,1.4423186438
195,73,1.4435756372
196,73,1.4437384495
197,74,1.4432225792
198,73,1.4438341002
199,75,1.4429676407
200,74,1.4452268788
201,75,1.4426289328
202,74,1.4452753647
203,76,1.4423843092
204,75,1.4466426230
205,76,1.4433588451
206,77,1.4459843277
207,77,1.4435879911
208,78,1.4473322066
209,78,1.4448929650
210,79,1.4470468075
211,78,1.4450168288
212,79,1.4450312423
213,79,1.4462981730
214,80,1.4464123965
215,79,1.4463793381
216,80,1.4456290234
217,80,1.4476383241
218,81,1.4440987356
219,82,1.4446243900
220,82,1.4454686002
221,83,1.4455515687
222,82,1.4438337965
223,83,1.4461875194
224,83,1.4449116809
225,84,1.4428922311
226,85,1.4451677624
227,85,1.4447198008
228,86,1.4443384873
229,85,1.4444581483
230,87,1.4458562808
231,86,1.4434494254
232,87,1.4438035297
233,87,1.4446207891
234,88,1.4435756372
235,87,1.4447351239
236,88,1.4450094890
237,88,1.4458874062
238,89,1.4430672191
239,88,1.4459671529
240,90,1.4427886522
241,89,1.4471012794
242,90,1.4434074715
243,89,1.4471484704
244,91,1.4434479438
245,92,1.4470468075
246,92,1.4445639666
247,93,1.4467426261
248,92,1.4446562582
249,93,1.4465015217
250,93,1.4457551886
251,94,1.4462072932
252,93,1.4458168214
253,94,1.4453508218
254,94,1.4468994381
255,95,1.4456892925
256,96,1.4451398125
257,96,1.4454635299
258,97,1.4472662639
259,96,1.4445049569
260,97,1.4458296449
261,97,1.4455518033
262,98,1.4444165251
263,99,1.4449425451
264,99,1.4465260662
265,100,1.4454591233
266,99,1.4443497321
267,100,1.4462926328
268,100,1.4437034715
269,101,1.4440259011
270,100,1.4456202037
271,102,1.4448070297
272,101,1.4444450852
273,102,1.4448236072
274,102,1.4454476818
275,103,1.4433320206
276,102,1.4455096282
277,104,1.4441604852
278,103,1.4464985877
279,104,1.4434383107
280,103,1.4465362328
281,105,1.4442145442
282,106,1.4467835507
283,105,1.4446740773
284,106,1.4465120620
285,106,1.4452724631
286,107,1.4463129999
287,106,1.4458664464
288,108,1.4461042950
289,107,1.4462937037
290,108,1.4456622136
291,109,1.4469214384
292,109,1.4456530399
293,110,1.4467072923
294,110,1.4454115362
295,108,1.4480708305
296,110,1.4449617348
297,111,1.4455567374
298,111,1.4451893810
299,112,1.4460541732
300,113,1.4451405276
301,112,1.4467124416
302,112,1.4461609809
303,113,1.4442635915
304,114,1.4459640251
305,114,1.4454092413
306,115,1.4445558158
307,114,1.4453936396
308,116,1.4463235256
309,115,1.4450363317
310,116,1.4446792297
311,116,1.4459081044
312,117,1.4439761410
313,116,1.4459824543
314,118,1.4457322294
315,117,1.4468436419
316,118,1.4434591207
317,119,1.4468148154
318,119,1.4440373691
319,120,1.4466211256
320,119,1.4445613389
321,120,1.4463950787
322,120,1.4449693508
323,121,1.4462063384
324,120,1.4456290234
325,122,1.4459860111
326,121,1.4458727458
327,122,1.4458020328
328,123,1.4465462369
329,123,1.4455872108
330,122,1.4467487146
331,124,1.4454078167
332,123,1.4475703998
333,124,1.4451982961
334,125,1.4456774760
335,125,1.4456441753
336,126,1.4473256064
337,125,1.4457153840
338,126,1.4463799846
339,126,1.4465163038
340,127,1.4451000187
341,128,1.4457054225
342,128,1.4467378791
343,129,1.4459488162
344,128,1.4452111310
345,129,1.4467187387
346,129,1.4447796727
347,130,1.4445638981
348,130,1.4461571413
349,131,1.4454141005
350,130,1.4456237908
351,131,1.4455783328
352,131,1.4463985983
353,132,1.4438107147
354,131,1.4464440321
355,133,1.4448842103
356,134,1.4464606518
357,133,1.4446589658
358,134,1.4462884444
359,134,1.4454154924
360,135,1.4460905291
361,134,1.4454837099
362,136,1.4459222476
363,135,1.4462322452
364,136,1.4457288049
365,135,1.4463554064
366,137,1.4455643167
367,136,1.4470266075
368,138,1.4453751966
369,138,1.4471869771
370,138,1.4452143749
371,139,1.4468699417
372,139,1.4453475735
373,139,1.4481019321
374,139,1.4454065991
375,140,1.4461104503
376,140,1.4461322642
377,141,1.4463386461
378,142,1.4456379552
379,141,1.4470092575
380,141,1.4468962083
381,142,1.4450610701
382,143,1.4464185031
383,143,1.4458131830
384,144,1.4451500921
385,143,1.4459616962
386,145,1.4465742360
387,144,1.4459834147
388,145,1.4453922362
389,145,1.4466776248
390,146,1.4446664408
391,147,1.4465142413
392,147,1.4460829626
393,148,1.4463559361
394,147,1.4444692967
395,148,1.4461763014
396,148,1.4451582610
397,149,1.4460212878
398,148,1.4452737000
399,150,1.4458453583
400,149,1.4458978423
401,150,1.4456935348
402,149,1.4461182779
403,151,1.4455211971
404,150,1.4466190431
405,152,1.4453724661
406,152,1.4468618625
407,152,1.4452036114
408,151,1.4473224680
409,153,1.4456996241
410,153,1.4477018208
411,153,1.4457636416
412,154,1.4460056310
413,154,1.4464181624
414,155,1.4473510902
415,154,1.4464707877
416,155,1.4467138802
417,155,1.4471193305
418,156,1.4455258765
419,157,1.4461700176
420,157,1.4468644434
421,158,1.4462398010
422,157,1.4457631686
423,158,1.4469947633
424,158,1.4456899213
425,159,1.4452371873
426,159,1.4463828331
427,160,1.4457885023
428,159,1.4463728907
429,160,1.4460488070
430,162,1.4464147871
431,161,1.4448821004
432,162,1.4461042950
433,162,1.4455067244
434,163,1.4459429737
435,162,1.4455681169
436,164,1.4459911700
437,163,1.4461872397
438,164,1.4456437432
439,163,1.4462384424
440,165,1.4455054456
441,164,1.4468522113
442,165,1.4454215838
443,164,1.4468935518
444,166,1.4452143749
445,165,1.4475021079
446,167,1.4454495100
447,167,1.4473661555
448,167,1.4455042477
449,168,1.4469687644
450,168,1.4461076217
451,169,1.4473481201
452,168,1.4461528218
453,169,1.4464647443
454,169,1.4467511487
455,170,1.4465214856
456,171,1.4459609700
457,171,1.4468896495
458,172,1.4471517876
459,171,1.4455945742
460,172,1.4467240989
461,172,1.4460785155
462,173,1.4455367727
463,172,1.4463311714
464,174,1.4467291494
465,175,1.4463087118
466,174,1.4458579104
467,175,1.4469668304
468,175,1.4451228539
469,176,1.4460259196
470,176,1.4463098493
471,177,1.4458944246
472,176,1.4453374323
473,177,1.4461164037
474,177,1.4459105902
475,178,1.4456188562
476,177,1.4459548993
477,179,1.4454750240
478,178,1.4465234975
479,179,1.4453480396
480,178,1.4465594524
481,180,1.4452066685
482,179,1.4471236013
483,181,1.4457364839
484,181,1.4470805348
485,181,1.4457940444
486,182,1.4473264145
487,182,1.4463474363
488,183,1.4471785212
489,182,1.4463967552
490,183,1.4462517945
491,183,1.4469458359
492,184,1.4469013927
493,185,1.4468247437
494,185,1.4467718821
495,184,1.4475320228
496,185,1.4458166583
497,186,1.4464927109
498,186,1.4465015217
499,187,1.4464320395
500,186,1.4461368068
501,187,1.4471778455
502,187,1.4463176243
503,188,1.4456939391
504,189,1.4467194004
505,189,1.4460422864
506,190,1.4459740488
507,189,1.4463799846
508,191,1.4465941710
509,190,1.4456252900
510,191,1.4459341049
511,191,1.4461531683
512,192,1.4455828118
513,191,1.4462010360
514,193,1.4462242592
515,192,1.4467249898
516,193,1.4453317569
517,192,1.4467655708
518,194,1.4452143749
519,193,1.4472856893
520,194,1.4458390896
521,195,1.4473076260
522,195,1.4455709208
523,196,1.4471701737
524,196,1.4460872959
525,197,1.4470468075
526,196,1.4461305466
527,197,1.4469115062
528,197,1.4466431914
529,198,1.4467900672
530,197,1.4466795531
531,199,1.4466568668
532,198,1.4471885499
533,199,1.4465373101
534,200,1.4462926328
535,200,1.4464061621
536,201,1.4472019056
537,200,1.4460228358
538,201,1.4469348098
539,201,1.4465238609
540,202,1.4458083722
541,203,1.4465052609
542,203,1.4468338515
543,204,1.4463359036
544,203,1.4461944403
545,204,1.4471464453
546,204,1.4454470033
547,205,1.4457758612
548,205,1.4464684817
549,206,1.4459890634
550,205,1.4459598028
551,206,1.4464090915
552,206,1.4464504731
553,207,1.4453301511
554,206,1.4464863771
555,208,1.4456443549
556,207,1.4469737021
557,208,1.4456927971
558,207,1.4470034545
559,209,1.4458147673
560,210,1.4470468075
561,210,1.4462941082
562,211,1.4469203068
563,210,1.4463399213
564,211,1.4468059958
565,211,1.4468160063
566,212,1.4466813383
567,211,1.4468557378
568,212,1.4465199838
569,212,1.4473286348
570,213,1.4464458358
571,214,1.4469133940
572,214,1.4463348144
573,213,1.4478322111
574,214,1.4460278302
575,215,1.4467221692
576,215,1.4462738451
577,216,1.4465682898
578,217,1.4463181182
579,216,1.4473156209
580,216,1.4467766627
581,217,1.4460315999
582,218,1.4469214384
583,218,1.4462255822
584,219,1.4457805644
585,218,1.4466182188
586,220,1.4467179364
587,219,1.4461710577
588,220,1.4462334843
589,220,1.4466281396
590,221,1.4454560569
591,220,1.4466670140
592,222,1.4463901387
593,221,1.4471211562
594,222,1.4455639590
595,223,1.4470468075
596,223,1.4456192377
597,224,1.4469280342
598,224,1.4460705499
599,225,1.4468200634
600,224,1.4461113728
601,225,1.4467029201
602,225,1.4465598160
603,226,1.4465964289
604,225,1.4465953057
605,226,1.4464808825
606,226,1.4470409355
607,227,1.4463758407
608,226,1.4470712174
609,228,1.4462618586
610,227,1.4475140880
611,228,1.4461582367
612,229,1.4465345609
613,229,1.4464550264
614,230,1.4472348954
615,229,1.4464930534
616,230,1.4470954900
617,230,1.4469298708
618,231,1.4460095761
619,232,1.4467228314
620,232,1.4469091386
621,233,1.4464820488
622,232,1.4464423655
623,233,1.4472763720
624,233,1.4459614203
625,234,1.4460781010
626,234,1.4465855678
627,235,1.4461725556
628,234,1.4464278305
629,235,1.4466321781
630,235,1.4468567638
631,236,1.4454496322
632,235,1.4468868074
633,237,1.4458648745
634,238,1.4468325781
635,237,1.4459977543
636,239,1.4467220957
637,238,1.4462949943
638,239,1.4466211256
639,238,1.4465370496
640,240,1.4465120671
641,239,1.4467529540
642,240,1.4464123965
643,239,1.4470615404
644,241,1.4463047345
645,240,1.4472037440
646,242,1.4462063384
647,242,1.4475228058
648,242,1.4461000462
649,243,1.4469774465
650,243,1.4462384584
651,244,1.4477735108
652,243,1.4462727019
653,244,1.4468995779
654,244,1.4466861443
655,245,1.4466698106
656,246,1.4465462369
657,245,1.4474170346
658,247,1.4471038086
659,246,1.4462854746
660,247,1.4470713839
661,247,1.4463641456
662,248,1.4459770532
663,247,1.4468035767
664,249,1.4468081106
665,248,1.4465888454
666,249,1.4464652100
667,249,1.4469918748
668,250,1.4456855985
669,251,1.4468437836
670,251,1.4465140555
671,252,1.4467392459
672,251,1.4458677100
673,252,1.4466432546
674,252,1.4460949872
675,253,1.4465399946
676,252,1.4463799846
677,254,1.4464451748
678,253,1.4465276342
679,254,1.4463431691
680,253,1.4468789751
681,255,1.4462494996
682,254,1.4469538842
683,256,1.4461487255
684,256,1.4473116906
685,256,1.4460561855
686,255,1.4473738626
687,257,1.4464001562
688,258,1.4476395335
689,257,1.4464362028
690,258,1.4467240989
691,258,1.4468255304
692,259,1.4472578602
693,258,1.4468575230
694,259,1.4472167048
695,259,1.4472447186
696,260,1.4461645980
697,261,1.4468876942
698,261,1.4469657819
699,262,1.4465921105
700,261,1.4466377695
701,263,1.4473757042
702,262,1.4463799885
703,263,1.4463153225
704,263,1.4467630353
705,264,1.4463128944
706,265,1.4467546757
707,264,1.4468027140
708,266,1.4467081473
709,265,1.4458800677
710,266,1.4465651499
711,266,1.4462586221
712,267,1.4464747324
713,266,1.4462938650
714,268,1.4464391729
715,267,1.4466703913
716,268,1.4462884444
717,267,1.4467143547
718,269,1.4461926438
719,268,1.4470763753
720,270,1.4461714809
721,268,1.4471834366
722,270,1.4460095886
723,269,1.4474766818
724,271,1.4462093283
725,272,1.4475120819
726,271,1.4462421273
727,272,1.4470257584
728,272,1.4466127741
729,273,1.4473230546
730,272,1.4466419335
731,273,1.4470360296
732,273,1.4470106566
733,274,1.4467483359
734,275,1.4467221487
735,275,1.4470468075
736,276,1.4471444442
737,275,1.4464879598
738,276,1.4471916657
739,276,1.4465253620
740,277,1.4461800238
741,278,1.4468765588
742,278,1.4468765521
743,279,1.4466812604
744,278,1.4466452588
745,280,1.4472438454
746,279,1.4458657761
747,280,1.4465015217
748,280,1.4466100671
749,281,1.4464092157
750,280,1.4461131091
751,281,1.4468007835
752,281,1.4464721332
753,282,1.4462324669
754,281,1.4465651626
755,283,1.4461479481
756,282,1.4468581003
757,283,1.4462675315
758,282,1.4470137242
759,284,1.4460024794
760,283,1.4472389394
761,285,1.4463554058
762,285,1.4474034881
763,285,1.4463894856
764,286,1.4473105428
765,286,1.4467406417
766,287,1.4472241900
767,286,1.4467714001
768,287,1.4468722539
769,287,1.4471208133
770,288,1.4470468075
771,289,1.4469334146
772,289,1.4469558338
773,288,1.4474960084
774,289,1.4463519421
775,290,1.4470210943
776,290,1.4467813147
777,291,1.4466778886
778,291,1.4466976995
779,292,1.4473857869
780,291,1.4467149592
781,292,1.4465022775
782,292,1.4470593090
783,293,1.4464236585
784,294,1.4464377979
785,293,1.4469414027
786,295,1.4467874847
787,294,1.4462619221
788,295,1.4466510039
789,295,1.4466026312
790,296,1.4461877365
791,295,1.4466328376
792,297,1.4465415620
793,296,1.4469719056
794,297,1.4461440867
795,296,1.4469990430
796,298,1.4459358961
797,297,1.4473364944
798,299,1.4462967683
799,299,1.4472991151
800,299,1.4462162390
801,300,1.4472164379
802,300,1.4465521234
803,301,1.4471286354
804,300,1.4465803877
805,301,1.4470468075
806,301,1.4469146843
807,302,1.4469599033
808,301,1.4469399899
809,303,1.4468789116
810,302,1.4472727217
811,303,1.4467928920
812,304,1.4468657290
813,304,1.4467127237
814,305,1.4471749567
815,304,1.4466493539
816,305,1.4472864303
817,305,1.4468317789
818,306,1.4463718633
819,307,1.4470030651
820,307,1.4469301745
821,308,1.4466057261
822,307,1.4467929149
823,309,1.4472704641
824,308,1.4460995028
825,309,1.4465143631
826,309,1.4466866048
827,310,1.4463702538
828,309,1.4464536386
829,310,1.4469312427
830,310,1.4467784520
831,311,1.4460313131
832,310,1.4468034823
833,312,1.4461358319
834,311,1.4471268179
835,312,1.4464484845
836,311,1.4471491029
837,313,1.4463504321
838,314,1.4471253283
839,314,1.4466702364
840,315,1.4470468075
841,314,1.4466996787
842,315,1.4469636247
843,315,1.4470180315
844,316,1.4468858730
845,315,1.4470447497
846,317,1.4468035019
847,316,1.4473616713
848,317,1.4467265081
849,318,1.4469809791
850,318,1.4466449370
851,319,1.4476280768
852,318,1.4465191036
853,319,1.4471277290
854,319,1.4466499023
855,320,1.4467465697
856,321,1.4468556854
857,321,1.4473921048
858,320,1.4469891029
859,321,1.4466568289
860,322,1.4472594139
861,322,1.4465132825
862,323,1.4463892058
863,322,1.4470529429
864,324,1.4468500969
865,323,1.4465749346
866,324,1.4467897659
867,324,1.4468846777
868,325,1.4459874185
869,324,1.4469110066
870,326,1.4466236824
871,327,1.4472028030
872,326,1.4463286886
873,327,1.4471222779
874,327,1.4461940743
875,328,1.4470468075
876,328,1.4465011608
877,329,1.4469670406
878,328,1.4465284030
879,329,1.4468922801
880,329,1.4468341566
881,330,1.4468132607
882,329,1.4468589062
883,331,1.4467392001
884,330,1.4471633448
885,331,1.4466609178
886,330,1.4471856420
887,332,1.4465875473
888,331,1.4474887831
889,332,1.4465099919
890,333,1.4469819107
891,333,1.4467585352
892,334,1.4471985571
893,333,1.4467844773
894,334,1.4473661555
895,334,1.4470847790
896,335,1.4465316544
897,336,1.4471087206
898,336,1.4469732649
899,337,1.4466805546
900,336,1.4469130249
901,338,1.4472900131
902,337,1.4464133897
903,338,1.4466596056
904,338,1.4467490250
905,339,1.4464630388
906,338,1.4467356284
907,339,1.4470406525
908,339,1.4470321828
909,340,1.4462183541
910,341,1.4470468075
911,341,1.4463173094
912,342,1.4469701873
913,341,1.4465965749
914,343,1.4468981965
915,342,1.4466390345
916,343,1.4468222670
917,343,1.4469314007
918,344,1.4467509245
919,343,1.4469572219
920,345,1.4466756764
921,344,1.4472483766
922,345,1.4466049735
923,344,1.4472719231
924,346,1.4465303976
925,345,1.4475618817
926,346,1.4464603258
927,347,1.4470192450
928,347,1.4465946100
929,348,1.4476138378
930,347,1.4466596815
931,348,1.4472178157
932,348,1.4469078003
933,349,1.4468027723
934,350,1.4469697506
935,350,1.4473960399
936,351,1.4471112599
937,350,1.4467838076
938,351,1.4473368640
939,351,1.4465872782
940,352,1.4465394571
941,351,1.4471474488
942,353,1.4469006813
943,352,1.4468361822
944,353,1.4469068194
945,353,1.4471201192
946,354,1.4461164037
947,355,1.4469730952
948,355,1.4466909667
949,356,1.4469036767
950,355,1.4464811393
951,357,1.4469865850
952,356,1.4464839266
953,357,1.4467617881
954,357,1.4467656305
955,358,1.4466893476
956,357,1.4467896849
957,358,1.4466211256
958,358,1.4470702682
959,359,1.4465493088
960,358,1.4470922256
961,360,1.4464816735
962,359,1.4473717020
963,360,1.4464179651
964,359,1.4473915936
965,361,1.4466961302
966,362,1.4475373507
967,361,1.4467211730
968,362,1.4470805348
969,362,1.4469982412
970,363,1.4472172604
971,364,1.4469449180
972,364,1.4473264145
973,363,1.4472972105
974,364,1.4466641096
975,365,1.4471955957
976,365,1.4470086153
977,366,1.4467420555
978,365,1.4470152818
979,367,1.4473047195
980,366,1.4466773746
981,367,1.4467828293
982,367,1.4469512477
983,368,1.4465400028
984,369,1.4469087670
985,369,1.4471014827
986,370,1.4468383450
987,369,1.4463740906
988,370,1.4468979108
989,370,1.4465870906
990,371,1.4467020475
991,370,1.4467225851
992,372,1.4466361384
993,371,1.4468822782
994,372,1.4465668839
995,371,1.4470648781
996,373,1.4465015217
997,372,1.4471744711
998,374,1.4464356932
999,374,1.4473571789
1000,374,1.4463680181
1001,373,1.4474637097
1002,375,1.4465470454
1003,376,1.4474533071
1004,375,1.4465704517
1005,376,1.4470506538
1006,376,1.4468379279
1007,377,1.4473166936
1008,376,1.4468594292
1009,378,1.4472470533
1010,377,1.4471258991
1011,378,1.4468495960
1012,379,1.4470644515
1013,379,1.4471121259
1014,380,1.4471383861
1015,379,1.4468924413
1016,380,1.4474034881
1017,380,1.4467718096
1018,381,1.4466676355
1019,381,1.4470348900
1020,382,1.4469423463
1021,383,1.4468455505
1022,382,1.4470044334
1023,384,1.4472158208
1024,383,1.4462745478
1025,384,1.4467789761
1026,384,1.4467470755
1027,385,1.4466501284
1028,384,1.4466115583
1029,386,1.4470247412
1030,385,1.4467299088
1031,386,1.4465200231
1032,385,1.4469427910
1033,387,1.4464536887
1034,386,1.4470115877
1035,387,1.4467235033
1036,386,1.4472707331
1037,388,1.4463842063
1038,387,1.4472905228
1039,389,1.4466423271
1040,390,1.4473718283
1041,389,1.4466664541
1042,390,1.4473076260
1043,390,1.4469236276
1044,391,1.4472403956
1045,390,1.4469459723
1046,391,1.4471629551
1047,391,1.4472022092
1048,392,1.4471100005
1049,393,1.4469827977
1050,393,1.4470468075
1051,392,1.4474781067
1052,393,1.4467779745
1053,394,1.4472705495
1054,394,1.4469179336
1055,395,1.4467934662
1056,395,1.4468812437
1057,396,1.4473160070
1058,395,1.4469024814
1059,396,1.4468864053
1060,396,1.4471559847
1061,397,1.4466048577
1062,398,1.4466681689
1063,398,1.4471263735
1064,399,1.4468761505
1065,398,1.4465658647
1066,399,1.4469939882
1067,399,1.4468173905
1068,400,1.4464731679
1069,399,1.4468394476
1070,401,1.4466920801
1071,400,1.4470900773
1072,401,1.4466163852
1073,400,1.4471466398
1074,402,1.4462884444
1075,401,1.4473601966
1076,403,1.4465086644
1077,404,1.4472991478
1078,403,1.4465283513
1079,404,1.4472341663
1080,404,1.4467772390
1081,405,1.4471724948
1082,404,1.4467982326
1083,405,1.4470768700
1084,405,1.4470462460
1085,406,1.4470468075
1086,405,1.4470656032
1087,407,1.4469828118
1088,406,1.4473127516
1089,407,1.4468891964
1090,408,1.4471464453
1091,408,1.4468585638
1092,409,1.4471605757
1093,410,1.4469322465
1094,409,1.4474592566
1095,409,1.4469828811
1096,410,1.4467761436
1097,410,1.4472271075
1098,411,1.4469772256
1099,412,1.4467366574
1100,411,1.4470891643
1101,413,1.4472353039
1102,412,1.4464341800
1103,413,1.4468804410
1104,413,1.4467945626
1105,414,1.4465585111
1106,413,1.4467223028
1107,415,1.4470562318
1108,414,1.4469412800
1109,415,1.4465162308
1110,414,1.4470305208
1111,416,1.4463809837
1112,415,1.4472023901
1113,416,1.4468271190
1114,418,1.4472283254
1115,417,1.4466186892
1116,418,1.4471685525
1117,418,1.4468586347
1118,419,1.4471061390
1119,418,1.4468803017
1120,419,1.4470468075
1121,419,1.4471194295
1122,420,1.4469848536
1123,419,1.4471395580
1124,421,1.4469259586
1125,420,1.4473778768
1126,421,1.4468644591
1127,422,1.4470303236
1128,422,1.4468059958
1129,423,1.4475031793
1130,423,1.4468200997
1131,423,1.4473338709
1132,423,1.4468407821
1133,424,1.4468370612
1134,424,1.4470775262
1135,425,1.4473248186
1136,426,1.4470896517
1137,425,1.4469766378
1138,425,1.4473326633
1139,426,1.4466602422
1140,427,1.4467741132
1141,427,1.4471471038
1142,428,1.4469161867
1143,427,1.4467820471
1144,428,1.4470756676
1145,428,1.4470162847
1146,429,1.4464223828
1147,428,1.4470361917
1148,430,1.4467433056
1149,431,1.4472228376
1150,430,1.4467240989
1151,432,1.4471648500
1152,431,1.4464913218
1153,432,1.4471043799
1154,432,1.4467240380
1155,433,1.4470468075
1156,432,1.4467444729
1157,433,1.4469867692
1158,433,1.4469764224
1159,434,1.4469296076
1160,433,1.4469954186
1161,435,1.4468699965
1162,434,1.4472266092
1163,435,1.4468132412
1164,434,1.4472441845
1165,436,1.4467540528
1166,435,1.4474746239
1167,436,1.4467722298
1168,437,1.4472162502
1169,437,1.4469173927
1170,438,1.4471790129
1171,439,1.4470171987
1172,438,1.4475084496
1173,438,1.4471658768
1174,439,1.4468710176
1175,440,1.4473118143
1176,440,1.4470068293
1177,441,1.4467841873
1178,440,1.4471615520
1179,442,1.4472510655
1180,441,1.4466520958
1181,442,1.4469672626
1182,442,1.4468794409
1183,443,1.4466165453
1184,442,1.4468982492
1185,444,1.4470826090
1186,443,1.4471248650
1187,444,1.4466273307
1188,445,1.4471027221
1189,445,1.4465766343
1190,446,1.4470468075
1191,446,1.4469147117
1192,447,1.4469885700
1193,446,1.4468224958
1194,447,1.4469330427
1195,447,1.4470466576
1196,448,1.4468752075
1197,447,1.4470662796
1198,449,1.4468200634
1199,448,1.4472897285
1200,449,1.4467626262
1201,448,1.4473080091
1202,450,1.4467078615
1203,449,1.4475307520
1204,450,1.4466756861
1205,451,1.4471056952
1206,451,1.4467863346
1207,452,1.4474995699
1208,451,1.4469601291
1209,452,1.4473897925
1210,452,1.4470271733
1211,453,1.4468744831
1212,454,1.4471986715
1213,454,1.4473317979
1214,455,1.4471137484
1215,454,1.4470542108
1216,455,1.4474808584
1217,455,1.4467313567
1218,456,1.4468652994
1219,456,1.4471646075
1220,457,1.4469502662
1221,456,1.4469706140
1222,457,1.4471476472
1223,459,1.4471788583
1224,458,1.4465362625
1225,459,1.4470468075
1226,459,1.4467873146
1227,460,1.4469902660
1228,459,1.4468170560
1229,461,1.4470188440
1230,460,1.4466968760
1231,461,1.4468801201
1232,461,1.4469147171
1233,462,1.4468264983
1234,461,1.4469332966
1235,463,1.4468593090
1236,462,1.4471504663
1237,463,1.4467174485
1238,462,1.4471677859
1239,464,1.4466620339
1240,463,1.4473842908
1241,464,1.4466437565
1242,465,1.4473573761
1243,465,1.4468594749
1244,466,1.4474838188
1245,465,1.4468786518
1246,466,1.4472780170
1247,466,1.4470937099
1248,467,1.4471945400
1249,468,1.4470921122
1250,468,1.4473174406
1251,467,1.4473260492
1252,468,1.4469530405
1253,469,1.4473667361
1254,469,1.4470322548
1255,470,1.4468250825
1256,470,1.4471549807
1257,471,1.4472639965
1258,470,1.4468430157
1259,471,1.4470439875
1260,471,1.4470561442
1261,472,1.4466667955
1262,473,1.4469918659
1263,473,1.4471049874
1264,474,1.4469393423
1265,473,1.4467237002
1266,474,1.4471327367
1267,474,1.4467712237
1268,475,1.4468325781
1269,475,1.4469821832
1270,476,1.4467783501
1271,475,1.4470012764
1272,476,1.4468146199
1273,476,1.4472116029
1274,477,1.4466726317
1275,476,1.4472295028
1276,478,1.4466211256
1277,477,1.4474392023
1278,478,1.4465675974
1279,477,1.4474559223
1280,479,1.4467379342
1281,480,1.4474170350
1282,479,1.4467683640
1283,480,1.4471725414
1284,480,1.4469653626
1285,481,1.4473100976
1286,480,1.4470341133
1287,482,1.4472579647
1288,481,1.4471910047
1289,482,1.4469069472
1290,483,1.4472590306
1291,483,1.4471520477
1292,484,1.4471341718
1293,484,1.4470982756
1294,484,1.4475243316
1295,484,1.4469122833
1296,485,1.4469461112
1297,485,1.4471188176
1298,486,1.4469796039
1299,487,1.4469422375
1300,486,1.4472100393
1301,488,1.4471973469
1302,487,1.4466355083
1303,488,1.4470326240
1304,488,1.4468255192
1305,489,1.4467855771
1306,488,1.4468995779
1307,490,1.4470458411
1308,489,1.4468779261
1309,490,1.4467240663
1310,490,1.4470826795
1311,491,1.4466324854
1312,490,1.4470996870
1313,492,1.4468947758
1314,491,1.4473038477
1315,492,1.4466044229
1316,491,1.4473197428
1317,493,1.4468078880
1318,494,1.4473561240
1319,493,1.4468265420
1320,494,1.4473031425
1321,494,1.4470294183
1322,495,1.4472523731
1323,494,1.4470469629
1324,496,1.4471997223
1325,495,1.4472492557
1326,496,1.4471492696
1327,497,1.4471572159
1328,497,1.4470969465
1329,498,1.4474257460
1330,497,1.4470260873
1331,498,1.4474158191
1332,498,1.4469948089
1333,499,1.4468606270
1334,499,1.4469948103
1335,500,1.4472747364
1336,499,1.4470116634
1337,500,1.4471108466
1338,500,1.4472122486
1339,501,1.4467107208
1340,502,1.4469379335
1341,502,1.4471241856
1342,503,1.4469269895
1343,502,1.4468094892
1344,503,1.4471950839
1345,503,1.4469432230
1346,504,1.4466432546
1347,503,1.4470635259
1348,505,1.4467799375
1349,504,1.4471593738
1350,505,1.4468942407
1351,504,1.4473156209
1352,506,1.4464963854
1353,507,1.4473481201
1354,507,1.4466946280
1355,508,1.4472965454
1356,507,1.4467123747
1357,508,1.4472470701
1358,508,1.4469100600
1359,509,1.4471958091
1360,508,1.4469267588
1361,510,1.4471466344
1362,509,1.4471238915
1363,510,1.4470956842
1364,509,1.4471395536
1365,511,1.4470468075
1366,510,1.4473361385
1367,511,1.4469353709
1368,512,1.4473130543
1369,512,1.4469475839
1370,513,1.4471516715
1371,513,1.4470553368
1372,514,1.4475536500
1373,513,1.4470726478
1374,514,1.4470168681
1375,514,1.4472673801
1376,515,1.4470051089
1377,516,1.4468482364
1378,515,1.4472659693
1379,517,1.4472129310
1380,516,1.4467240989
1381,517,1.4470990827
1382,517,1.4468589880
1383,518,1.4466707255
1384,517,1.4469719890
1385,519,1.4470690919
1386,518,1.4470386073
1387,519,1.4468067978
1388,518,1.4472180332
1389,520,1.4465691192
1390,519,1.4472474179
1391,521,1.4469256583
1392,522,1.4472420337
1393,521,1.4467797795
1394,522,1.4471920911
1395,522,1.4469717805
1396,523,1.4471441313
1397,522,1.4469889143
1398,524,1.4470944839
1399,523,1.4471803916
1400,524,1.4470468075
1401,523,1.4471965384
1402,525,1.4469974528
1403,524,1.4473874963
1404,525,1.4469500571
1405,526,1.4472155925
1406,526,1.4469009924
1407,527,1.4474271104
1408,527,1.4469397345
1409,527,1.4474586534
1410,527,1.4469562383
1411,528,1.4469277033
1412,528,1.4471461844
1413,529,1.4472837539
1414,530,1.4470960226
1415,529,1.4471708892
1416,529,1.4473511578
1417,530,1.4467494386
1418,531,1.4470079898
1419,531,1.4471408175
1420,532,1.4469558256
1421,531,1.4469080212
1422,532,1.4472497758
1423,532,1.4470963503
1424,533,1.4467237923
1425,532,1.4471253551
1426,534,1.4468160165
1427,535,1.4472372445
1428,534,1.4469656917
1429,536,1.4471885542
1430,535,1.4466729455
1431,536,1.4471417507
1432,536,1.4468602903
1433,537,1.4470933412
1434,536,1.4468766377
1435,537,1.4470468075
1436,537,1.4470634851
1437,538,1.4469986764
1438,537,1.4470788974
1439,539,1.4469524101
1440,538,1.4472652514
1441,539,1.4469045550
1442,538,1.4472797379
1443,540,1.4468585539
1444,539,1.4474656026
1445,541,1.4469982198
1446,541,1.4473604637
1447,541,1.4470151089
1448,542,1.4471668109
1449,542,1.4471997995
1450,543,1.4475154794
1451,542,1.4472157670
1452,543,1.4470805348
1453,543,1.4473999734
1454,544,1.4470274750
1455,545,1.4469214384
1456,544,1.4473151790
1457,546,1.4472261996
1458,545,1.4468024585
1459,546,1.4471576479
1460,546,1.4469835163
1461,547,1.4467114762
1462,546,1.4470372256
1463,548,1.4470893016
1464,547,1.4471821739
1465,548,1.4468812069
1466,549,1.4472343302
1467,549,1.4467375823
1468,550,1.4470922519
1469,550,1.4469527776
1470,551,1.4470468075
1471,550,1.4469365298
1472,551,1.4469998408
1473,551,1.4471182900
1474,552,1.4469546514
1475,551,1.4471341121
1476,553,1.4469079476
1477,552,1.4473154032
1478,553,1.4468630110
1479,552,1.4473303416
1480,554,1.4468165680
1481,553,1.4475111675
1482,555,1.4468900066
1483,555,1.4472670691
1484,555,1.4469061449
1485,556,1.4474278315
1486,556,1.4470865242
1487,557,1.4474572854
1488,556,1.4471017876
1489,557,1.4469945625
1490,557,1.4472817061
1491,558,1.4472913985
1492,559,1.4471147527
1493,558,1.4472239556
1494,558,1.4474755645
1495,559,1.4468604842
1496,560,1.4470699798
1497,560,1.4471553514
1498,561,1.4469811591
1499,560,1.4470550832
1500,561,1.4472992614
1501,563,1.4471694695
1502,562,1.4468007835
1503,563,1.4471449868
1504,563,1.4468479238
1505,564,1.4470468075
1506,563,1.4470290390
1507,565,1.4470381754
1508,564,1.4468312464
1509,565,1.4469567887
1510,565,1.4470088291
1511,566,1.4469111822
1512,565,1.4470239640
1513,567,1.4469072117
1514,566,1.4472011001
1515,567,1.4468219043
1516,566,1.4472153953
1517,568,1.4467782234
1518,567,1.4473920882
1519,568,1.4468373690
1520,569,1.4473131709
1521,569,1.4469630210
1522,570,1.4474478604
1523,569,1.4470629466
1524,570,1.4474034881
1525,570,1.4471542844
1526,571,1.4471800206
1527,572,1.4472515166
1528,572,1.4473136018
1529,571,1.4473442807
1530,572,1.4471370311
1531,573,1.4474756747
1532,573,1.4470472395
1533,574,1.4469864554
1534,574,1.4471789063
1535,575,1.4472375987
1536,574,1.4469485825
1537,575,1.4472107153
1538,575,1.4471230207
1539,576,1.4467477141
1540,577,1.4470598582
1541,577,1.4471070125
1542,578,1.4470020085
1543,577,1.4469474141
1544,578,1.4472829296
1545,578,1.4468890198
1546,579,1.4469142695
1547,579,1.4470620020
1548,580,1.4468713207
1549,579,1.4470774860
1550,580,1.4470210943
1551,580,1.4472500425
1552,581,1.4467842788
1553,580,1.4472647233
1554,582,1.4467401925
1555,581,1.4474368574
1556,582,1.4467608817
1557,583,1.4474388584
1558,583,1.4468606502
1559,584,1.4473954886
1560,583,1.4469815961
1561,584,1.4473138353
1562,584,1.4470473511
1563,585,1.4473076260
1564,584,1.4471998037
1565,586,1.4472631399
1566,585,1.4472328452
1567,586,1.4470541088
1568,587,1.4473845409
1569,587,1.4471759757
1570,588,1.4471311554
1571,588,1.4471332891
1572,589,1.4474817470
1573,588,1.4470030413
1574,589,1.4471262396
1575,589,1.4471730370
1576,590,1.4470035801
1577,591,1.4470030190
1578,590,1.4473432196
1579,592,1.4471844333
1580,591,1.4468695158
1581,592,1.4471969688
1582,592,1.4468763364
1583,593,1.4468752001
1584,592,1.4470865963
1585,594,1.4470589347
1586,593,1.4469739814
1587,594,1.4469416408
1588,594,1.4471427689
1589,595,1.4467469600
1590,594,1.4471568447
1591,596,1.4469337436
1592,595,1.4473252290
1593,596,1.4467477344
1594,595,1.4473385466
1595,597,1.4469156453
1596,598,1.4473441142
1597,597,1.4469308437
1598,598,1.4473019120
1599,598,1.4470983535
1600,599,1.4472584222
1601,598,1.4471175717
1602,600,1.4472164379
1603,599,1.4472799072
1604,600,1.4471731723
1605,601,1.4472975278
1606,601,1.4471314042
1607,602,1.4473726117
1608,602,1.4470883610
1609,602,1.4475108977
1610,602,1.4470468075
1611,603,1.4470455601
1612,603,1.4470691446
1613,604,1.4472474710
1614,605,1.4470826581
1615,604,1.4472580412
1616,604,1.4472490588
1617,605,1.4467950950
1618,606,1.4471148635
1619,606,1.4471226477
1620,607,1.4469599408
1621,606,1.4470076679
1622,608,1.4472991815
1623,607,1.4470258885
1624,608,1.4468657290
1625,608,1.4471905137
1626,609,1.4468375194
1627,608,1.4472049207
1628,609,1.4470772321
1629,609,1.4473691607
1630,610,1.4466548111
1631,611,1.4473377471
1632,611,1.4468191498
1633,612,1.4472964430
1634,611,1.4468337344
1635,612,1.4472539059
1636,612,1.4469976898
1637,613,1.4472128105
1638,612,1.4470389485
1639,614,1.4471704880
1640,613,1.4471751277
1641,614,1.4471295997
1642,613,1.4472469250
1643,615,1.4470874902
1644,614,1.4473514727
1645,616,1.4470468075
1646,616,1.4474233786
1647,616,1.4470049092
1648,617,1.4471456238
1649,617,1.4471178374
1650,618,1.4474802080
1651,617,1.4471321239
1652,618,1.4471765901
1653,618,1.4472940425
1654,619,1.4470235549
1655,620,1.4470363603
1656,620,1.4473577198
1657,621,1.4471974904
1658,620,1.4469321713
1659,621,1.4472444275
1660,621,1.4469283100
1661,622,1.4467931273
1662,621,1.4471381937
1663,623,1.4470773061
1664,622,1.4471033387
1665,623,1.4470003496
1666,623,1.4472641612
1667,624,1.4467119781
1668,623,1.4472773050
1669,625,1.4469574085
1670,626,1.4472495783
1671,625,1.4468872297
1672,626,1.4472093350
1673,626,1.4470472555
1674,627,1.4471679154
1675,626,1.4470614225
1676,628,1.4471278707
1677,627,1.4472210843
1678,628,1.4470866551
1679,627,1.4472345648
1680,629,1.4470468075
1681,628,1.4473938651
1682,630,1.4470057944
1683,630,1.4473396301
1684,630,1.4469661426
1685,631,1.4473759198
1686,631,1.4470198702
1687,631,1.4475423040
1688,631,1.4470335997
1689,632,1.4470986270
1690,632,1.4471921956
1691,633,1.4472560833
1692,634,1.4470998709
1693,633,1.4473013913
1694,633,1.4473634904
1695,634,1.4468598877
1696,635,1.4471651487
1697,635,1.4471365417
1698,636,1.4469822408
1699,635,1.4470618489
1700,637,1.4473064718
1701,636,1.4471501941
1702,637,1.4469267340
1703,636,1.4472625822
1704,638,1.4468648868
1705,639,1.4472454279
1706,638,1.4471286063
1707,640,1.4472060020
1708,639,1.4467954240
1709,640,1.4471654476
1710,640,1.4469522025
1711,641,1.4471262123
1712,640,1.4469658244
1713,642,1.4470858536
1714,641,1.4471222543
1715,642,1.4470468075
1716,641,1.4471352200
1717,643,1.4470066430
1718,642,1.4472913036
1719,643,1.4469677848
1720,644,1.4472757656
1721,644,1.4469278133
1722,643,1.4474593584
1723,645,1.4470672811
1724,645,1.4474581587
1725,645,1.4470812853
1726,646,1.4471584692
1727,646,1.4472362004
1728,647,1.4474784434
1729,646,1.4472495563
1730,647,1.4472227606
1731,647,1.4474041306
1732,648,1.4470414565
1733,649,1.4470891884
1734,649,1.4473602876
1735,650,1.4472089615
1736,649,1.4469886720
1737,650,1.4472870799
1738,650,1.4470542531
1739,651,1.4468561815
1740,650,1.4471855484
1741,652,1.4470936668
1742,653,1.4472028030
1743,652,1.4470541496
1744,654,1.4472559205
1745,653,1.4468472082
1746,654,1.4471246204
1747,654,1.4470003904
1748,655,1.4470850837
1749,654,1.4470142760
1750,655,1.4471184801
1751,655,1.4471671241
1752,656,1.4470074572
1753,655,1.4471803788
1754,657,1.4469693616
1755,656,1.4473328951
1756,657,1.4469301965
1757,656,1.4473455241
1758,658,1.4468922801
1759,657,1.4474977107
1760,659,1.4469746327
1761,659,1.4473774750
1762,659,1.4469881124
1763,660,1.4473786049
1764,660,1.4471399829
1765,661,1.4474318030
1766,660,1.4471528421
1767,661,1.4471473461
1768,661,1.4473043857
1769,662,1.4472636462
1770,663,1.4471151932
1771,663,1.4473147906
1772,664,1.4474260468
1773,663,1.4469490887
1774,664,1.4472104833
1775,664,1.4471489621
1776,665,1.4470022517
1777,664,1.4471130782
1778,666,1.4473127445
1779,667,1.4471623293
1780,666,1.4469827160
1781,667,1.4472733312
1782,667,1.4468895681
1783,668,1.4470843435
1784,667,1.4471749932
1785,669,1.4470510234
1786,668,1.4469237569
1787,669,1.4470458620
1788,669,1.4470736401
1789,670,1.4469708766
1790,669,1.4470864081
1791,671,1.4469399587
1792,670,1.4472359730
1793,671,1.4468952960
1794,670,1.4472481415
1795,672,1.4468719978
1796,671,1.4473973900
1797,672,1.4470118886
1798,673,1.4473000436
1799,673,1.4470345251
1800,674,1.4474243141
1801,674,1.4471830178
1802,675,1.4473856235
1803,674,1.4471961395
1804,675,1.4471699411
1805,675,1.4473443184
1806,676,1.4473096065
1807,677,1.4473301323
1808,676,1.4472644663
1809,676,1.4475047149
1810,677,1.4470575866
1811,678,1.4471369520
1812,678,1.4471967758
1813,679,1.4472191020
1814,678,1.4470406525
1815,679,1.4473263875
1816,679,1.4471693766
1817,680,1.4469141250
1818,681,1.4471986715
1819,681,1.4471083200
1820,682,1.4470468075
1821,681,1.4471028596
1822,683,1.4472650061
1823,682,1.4469708556
1824,683,1.4469761293
1825,683,1.4471174481
1826,684,1.4469346877
1827,683,1.4471304685
1828,685,1.4471557865
1829,684,1.4472767552
1830,685,1.4468607207
1831,684,1.4472891984
1832,686,1.4468243943
1833,685,1.4474351813
1834,686,1.4469434840
1835,687,1.4474171111
1836,687,1.4469461805
1837,688,1.4473791762
1838,688,1.4470918732
1839,689,1.4473423838
1840,688,1.4471045252
1841,689,1.4473046193
1842,689,1.4472499165
1843,690,1.4472679920
1844,689,1.4472620003
1845,690,1.4471914781
1846,690,1.4474070922
1847,691,1.4471939335
1848,692,1.4471289091
1849,692,1.4471565063
1850,693,1.4474271131
1851,692,1.4470665081
1852,693,1.4472523006
1853,693,1.4472109502
1854,694,1.4470203019
1855,695,1.4471269363
1856,695,1.4473181732
1857,696,1.4471749431
1858,695,1.4470335296
1859,696,1.4473121129
1860,696,1.4469119362
1861,697,1.4469368060
1862,697,1.4472094742
1863,698,1.4470678362
1864,697,1.4470413511
1865,698,1.4470943548
1866,698,1.4471849201
1867,699,1.4468285629
1868,698,1.4471969262
1869,700,1.4469609560
1870,699,1.4473402033
1871,700,1.4468777194
1872,699,1.4473516597
1873,701,1.4469913719
1874,702,1.4473368618
1875,701,1.4470612684
1876,703,1.4472998177
1877,702,1.4471468357
1878,703,1.4472638689
1879,702,1.4472430806
1880,704,1.4472269878
1881,703,1.4473014621
1882,704,1.4471802413
1883,705,1.4473963618
1884,705,1.4471544777
1885,706,1.4473349543
1886,706,1.4471188439
1887,706,1.4475779653
1888,706,1.4470721919
1889,707,1.4471810540
1890,707,1.4471215819
1891,708,1.4472281169
1892,709,1.4470881028
1893,708,1.4473620133
1894,708,1.4472750172
1895,709,1.4469668429
1896,710,1.4472398448
1897,710,1.4471215121
1898,711,1.4469830290
1899,710,1.4471478716
1900,712,1.4472729811
1901,711,1.4470843474
1902,712,1.4470266061
1903,712,1.4472248937
1904,713,1.4468781744
1905,712,1.4472371411
1906,714,1.4471678122
1907,715,1.4473669907
1908,714,1.4468144448
1909,715,1.4473315423
1910,715,1.4469074034
1911,716,1.4472951918
1912,715,1.4469947606
1913,717,1.4472598967
1914,716,1.4470598391
1915,717,1.4472237032
1916,716,1.4471734039
1917,718,1.4471885604
1918,717,1.4472114700
1919,718,1.4471525227
1920,719,1.4473233770
1921,719,1.4471175313
1922,718,1.4473623017
1923,720,1.4470816486
1924,719,1.4475014687
1925,720,1.4470468075
1926,721,1.4471412502
1927,721,1.4471622670
1928,722,1.4474277935
1929,721,1.4471744279
1930,722,1.4472903069
1931,722,1.4473129967
1932,723,1.4470366611
1933,724,1.4471702909
1934,724,1.4473228965
1935,725,1.4471862062
1936,724,1.4470805348
1937,725,1.4473480420
1938,725,1.4469996322
1939,726,1.4469613887
1940,726,1.4472182254
1941,727,1.4470829981
1942,726,1.4471495004
1943,727,1.4471385227
1944,727,1.4472872657
1945,728,1.4468139748
1946,729,1.4472907320
1947,729,1.4469800034
1948,730,1.4472560673
1949,729,1.4469640077
1950,730,1.4472205361
1951,730,1.4471011880
